
################################################################################
# Gelman-Rubin Diagnostic
################################################################################

Generally the Gelman diagnostic should be < 1.05


Out of 1109 variables: 28 > 1.01

                      
0 > 1.05

                      
0 > 1.1


The worst variables are:

              Point est. Upper C.I.
p.fac1[127,4]   1.035712   1.043418
p.fac1[3,4]     1.032676   1.047357
p.fac1[134,4]   1.030746   1.036503
p.fac1[120,4]   1.030627   1.031026
p.fac1[128,4]   1.028954   1.033797
p.fac1[59,4]    1.028021   1.030756
loglik[50]      1.026744   1.058794
loglik[26]      1.020108   1.034962
p.fac1[66,4]    1.019333   1.025603
p.fac1[20,4]    1.018700   1.036263


And here are the Gelman diagnostics for all variables:

                Point est. Upper C.I.
deviance         1.0007338  1.0043486
ilr.fac1[1,1]          NaN        NaN
ilr.fac1[2,1]    1.0005523  1.0029577
ilr.fac1[3,1]    1.0007630  1.0053566
ilr.fac1[4,1]    0.9996538  1.0007813
ilr.fac1[5,1]    0.9991520  0.9993862
ilr.fac1[6,1]    1.0031970  1.0074710
ilr.fac1[7,1]    1.0019192  1.0059212
ilr.fac1[8,1]    0.9994995  1.0000270
ilr.fac1[9,1]    0.9991991  0.9993638
ilr.fac1[10,1]   1.0025763  1.0088195
ilr.fac1[11,1]   1.0026642  1.0091544
ilr.fac1[12,1]   1.0000751  1.0014586
ilr.fac1[13,1]   1.0015898  1.0029441
ilr.fac1[14,1]   0.9991069  0.9993163
ilr.fac1[15,1]   1.0007810  1.0041762
ilr.fac1[16,1]   1.0000345  1.0027921
ilr.fac1[17,1]   1.0003668  1.0036307
ilr.fac1[18,1]   1.0003819  1.0036115
ilr.fac1[19,1]   0.9993105  1.0001013
ilr.fac1[20,1]   1.0027067  1.0110928
ilr.fac1[21,1]   0.9993870  0.9998273
ilr.fac1[22,1]   1.0004412  1.0007296
ilr.fac1[23,1]   1.0022099  1.0093549
ilr.fac1[24,1]   1.0014460  1.0061181
ilr.fac1[25,1]   1.0018175  1.0059359
ilr.fac1[26,1]   1.0009198  1.0034722
ilr.fac1[27,1]   1.0014473  1.0049797
ilr.fac1[28,1]   1.0021263  1.0073969
ilr.fac1[29,1]   1.0018718  1.0071823
ilr.fac1[30,1]   0.9990444  0.9991256
ilr.fac1[31,1]   0.9994700  1.0001940
ilr.fac1[32,1]   1.0008138  1.0026370
ilr.fac1[33,1]   0.9994114  1.0000067
ilr.fac1[34,1]   1.0012476  1.0013833
ilr.fac1[35,1]   1.0004388  1.0038830
ilr.fac1[36,1]   1.0016265  1.0065502
ilr.fac1[37,1]   0.9997803  1.0009098
ilr.fac1[38,1]   1.0001225  1.0027484
ilr.fac1[39,1]   1.0039822  1.0166595
ilr.fac1[40,1]   0.9999260  1.0013502
ilr.fac1[41,1]   1.0014028  1.0056772
ilr.fac1[42,1]   0.9996588  1.0010226
ilr.fac1[43,1]   0.9993527  1.0002013
ilr.fac1[44,1]   1.0015950  1.0073752
ilr.fac1[45,1]   1.0012831  1.0064352
ilr.fac1[46,1]   0.9992781  0.9995471
ilr.fac1[47,1]   1.0001912  1.0024996
ilr.fac1[48,1]   1.0029204  1.0076431
ilr.fac1[49,1]   0.9997885  1.0018801
ilr.fac1[50,1]   0.9993348  1.0000892
ilr.fac1[51,1]   1.0002640  1.0009231
ilr.fac1[52,1]   1.0008038  1.0028133
ilr.fac1[53,1]   0.9995143  1.0004023
ilr.fac1[54,1]   1.0004664  1.0039007
ilr.fac1[55,1]   1.0015822  1.0043856
ilr.fac1[56,1]   1.0022183  1.0102407
ilr.fac1[57,1]   1.0001442  1.0028589
ilr.fac1[58,1]   1.0025779  1.0107575
ilr.fac1[59,1]   0.9990710  0.9991802
ilr.fac1[60,1]   1.0009590  1.0026865
ilr.fac1[61,1]   1.0024853  1.0068595
ilr.fac1[62,1]   1.0018301  1.0064759
ilr.fac1[63,1]   0.9999350  1.0002899
ilr.fac1[64,1]   1.0063520  1.0225271
ilr.fac1[65,1]   1.0016300  1.0073175
ilr.fac1[66,1]   1.0017090  1.0068599
ilr.fac1[67,1]   1.0065112  1.0233864
ilr.fac1[68,1]   1.0002327  1.0012212
ilr.fac1[69,1]   0.9995506  1.0002709
ilr.fac1[70,1]   1.0001697  1.0004196
ilr.fac1[71,1]   1.0027943  1.0092667
ilr.fac1[72,1]   0.9990614  0.9991632
ilr.fac1[73,1]   1.0016096  1.0033265
ilr.fac1[74,1]   1.0026107  1.0105446
ilr.fac1[75,1]   0.9994871  1.0003662
ilr.fac1[76,1]   1.0048559  1.0189378
ilr.fac1[77,1]   1.0010511  1.0049386
ilr.fac1[78,1]   0.9995783  1.0010323
ilr.fac1[79,1]   1.0014958  1.0067596
ilr.fac1[80,1]   1.0006320  1.0045377
ilr.fac1[81,1]   1.0003810  1.0014050
ilr.fac1[82,1]   1.0042756  1.0160827
ilr.fac1[83,1]   1.0004488  1.0020180
ilr.fac1[84,1]   1.0002407  1.0032160
ilr.fac1[85,1]   0.9999550  1.0011643
ilr.fac1[86,1]   1.0010841  1.0053169
ilr.fac1[87,1]   1.0029146  1.0089765
ilr.fac1[88,1]   0.9994907  0.9999005
ilr.fac1[89,1]   0.9999871  1.0014830
ilr.fac1[90,1]   0.9993867  1.0001817
ilr.fac1[91,1]   1.0028166  1.0071380
ilr.fac1[92,1]   0.9994065  0.9998126
ilr.fac1[93,1]   1.0016677  1.0033059
ilr.fac1[94,1]   0.9998349  1.0015103
ilr.fac1[95,1]   1.0009932  1.0055759
ilr.fac1[96,1]   0.9999198  1.0019435
ilr.fac1[97,1]   0.9998281  1.0012282
ilr.fac1[98,1]   1.0036285  1.0111281
ilr.fac1[99,1]   0.9998094  1.0005529
ilr.fac1[100,1]  1.0004306  1.0011199
ilr.fac1[101,1]  1.0013021  1.0053772
ilr.fac1[102,1]  1.0007966  1.0055559
ilr.fac1[103,1]  1.0012023  1.0064084
ilr.fac1[104,1]  1.0024769  1.0110956
ilr.fac1[105,1]  0.9995355  1.0006727
ilr.fac1[106,1]  0.9998325  1.0000219
ilr.fac1[107,1]  1.0004028  1.0038797
ilr.fac1[108,1]  1.0017817  1.0058377
ilr.fac1[109,1]  1.0020310  1.0098667
ilr.fac1[110,1]  1.0000513  1.0025939
ilr.fac1[111,1]  1.0010537  1.0036179
ilr.fac1[112,1]  1.0035607  1.0142865
ilr.fac1[113,1]  0.9998514  1.0012453
ilr.fac1[114,1]  0.9995115  1.0000862
ilr.fac1[115,1]  1.0004429  1.0033243
ilr.fac1[116,1]  1.0003071  1.0026963
ilr.fac1[117,1]  0.9993387  1.0002259
ilr.fac1[118,1]  1.0032109  1.0124810
ilr.fac1[119,1]  1.0002132  1.0026050
ilr.fac1[120,1]  1.0034864  1.0123526
ilr.fac1[121,1]  1.0001080  1.0030725
ilr.fac1[122,1]  1.0008654  1.0030619
ilr.fac1[123,1]  0.9997573  0.9998130
ilr.fac1[124,1]  1.0000427  1.0017397
ilr.fac1[125,1]  1.0034624  1.0150562
ilr.fac1[126,1]  1.0007197  1.0037723
ilr.fac1[127,1]  1.0001006  1.0026622
ilr.fac1[128,1]  1.0005196  1.0039681
ilr.fac1[129,1]  1.0017146  1.0063656
ilr.fac1[130,1]  0.9999186  0.9999558
ilr.fac1[131,1]  1.0000768  1.0011156
ilr.fac1[132,1]  1.0029634  1.0063378
ilr.fac1[133,1]  1.0008234  1.0042209
ilr.fac1[134,1]  1.0006916  1.0025465
ilr.fac1[135,1]  1.0010492  1.0034205
ilr.fac1[136,1]  1.0015576  1.0061088
ilr.fac1[137,1]  1.0011231  1.0062415
ilr.fac1[138,1]  0.9999945  1.0001143
ilr.fac1[1,2]          NaN        NaN
ilr.fac1[2,2]    1.0002553  1.0031890
ilr.fac1[3,2]    1.0020535  1.0073755
ilr.fac1[4,2]    1.0008048  1.0043645
ilr.fac1[5,2]    1.0004929  1.0018361
ilr.fac1[6,2]    1.0002081  1.0022864
ilr.fac1[7,2]    1.0002833  1.0023364
ilr.fac1[8,2]    0.9994278  0.9996635
ilr.fac1[9,2]    1.0030774  1.0099262
ilr.fac1[10,2]   1.0017350  1.0043609
ilr.fac1[11,2]   1.0023897  1.0062572
ilr.fac1[12,2]   0.9997245  1.0010621
ilr.fac1[13,2]   1.0006536  1.0041735
ilr.fac1[14,2]   1.0008872  1.0051143
ilr.fac1[15,2]   0.9996958  1.0007569
ilr.fac1[16,2]   0.9999978  1.0019300
ilr.fac1[17,2]   1.0017252  1.0020203
ilr.fac1[18,2]   1.0012909  1.0045318
ilr.fac1[19,2]   1.0018341  1.0087059
ilr.fac1[20,2]   1.0015708  1.0059826
ilr.fac1[21,2]   1.0039281  1.0084096
ilr.fac1[22,2]   1.0031392  1.0091078
ilr.fac1[23,2]   1.0016641  1.0060472
ilr.fac1[24,2]   1.0013401  1.0070082
ilr.fac1[25,2]   1.0013978  1.0034127
ilr.fac1[26,2]   0.9999685  0.9999812
ilr.fac1[27,2]   1.0012631  1.0039256
ilr.fac1[28,2]   1.0042094  1.0104576
ilr.fac1[29,2]   0.9997779  1.0014058
ilr.fac1[30,2]   0.9997257  1.0000201
ilr.fac1[31,2]   0.9998302  1.0002594
ilr.fac1[32,2]   0.9997237  1.0011135
ilr.fac1[33,2]   0.9992645  0.9997066
ilr.fac1[34,2]   1.0002230  1.0006963
ilr.fac1[35,2]   1.0008845  1.0042772
ilr.fac1[36,2]   1.0019333  1.0051968
ilr.fac1[37,2]   1.0011952  1.0052547
ilr.fac1[38,2]   1.0001471  1.0026081
ilr.fac1[39,2]   1.0006661  1.0050637
ilr.fac1[40,2]   1.0002628  1.0009850
ilr.fac1[41,2]   1.0073791  1.0284635
ilr.fac1[42,2]   1.0010192  1.0031385
ilr.fac1[43,2]   0.9999524  1.0002527
ilr.fac1[44,2]   0.9999884  1.0012731
ilr.fac1[45,2]   1.0058271  1.0160560
ilr.fac1[46,2]   1.0007075  1.0031358
ilr.fac1[47,2]   0.9999060  0.9999132
ilr.fac1[48,2]   1.0008975  1.0030428
ilr.fac1[49,2]   1.0006885  1.0047832
ilr.fac1[50,2]   0.9996360  1.0001586
ilr.fac1[51,2]   1.0005771  1.0040347
ilr.fac1[52,2]   0.9991652  0.9992502
ilr.fac1[53,2]   1.0008954  1.0052271
ilr.fac1[54,2]   1.0028280  1.0102973
ilr.fac1[55,2]   0.9993247  0.9997340
ilr.fac1[56,2]   1.0005144  1.0029690
ilr.fac1[57,2]   1.0044723  1.0143265
ilr.fac1[58,2]   1.0016003  1.0057023
ilr.fac1[59,2]   1.0004610  1.0014241
ilr.fac1[60,2]   1.0008247  1.0025766
ilr.fac1[61,2]   1.0036790  1.0143292
ilr.fac1[62,2]   1.0001999  1.0010465
ilr.fac1[63,2]   1.0004523  1.0035620
ilr.fac1[64,2]   1.0026409  1.0123046
ilr.fac1[65,2]   1.0015943  1.0055213
ilr.fac1[66,2]   0.9999064  1.0018730
ilr.fac1[67,2]   1.0042264  1.0176016
ilr.fac1[68,2]   1.0001133  1.0028597
ilr.fac1[69,2]   0.9998993  1.0021858
ilr.fac1[70,2]   1.0009305  1.0050741
ilr.fac1[71,2]   1.0019966  1.0082321
ilr.fac1[72,2]   1.0010446  1.0024240
ilr.fac1[73,2]   0.9996750  0.9997425
ilr.fac1[74,2]   1.0008497  1.0052685
ilr.fac1[75,2]   1.0027142  1.0107128
ilr.fac1[76,2]   1.0020969  1.0088974
ilr.fac1[77,2]   1.0008595  1.0011187
ilr.fac1[78,2]   1.0007742  1.0029011
ilr.fac1[79,2]   1.0030350  1.0104430
ilr.fac1[80,2]   1.0013147  1.0045729
ilr.fac1[81,2]   1.0009171  1.0024516
ilr.fac1[82,2]   0.9997627  1.0008732
ilr.fac1[83,2]   0.9997802  0.9999247
ilr.fac1[84,2]   1.0034968  1.0153111
ilr.fac1[85,2]   1.0014179  1.0064945
ilr.fac1[86,2]   1.0001542  1.0029246
ilr.fac1[87,2]   1.0020227  1.0093639
ilr.fac1[88,2]   1.0000599  1.0002527
ilr.fac1[89,2]   1.0013755  1.0043759
ilr.fac1[90,2]   1.0016032  1.0030037
ilr.fac1[91,2]   0.9991236  0.9993310
ilr.fac1[92,2]   1.0001823  1.0013636
ilr.fac1[93,2]   1.0053932  1.0166712
ilr.fac1[94,2]   1.0018406  1.0078540
ilr.fac1[95,2]   1.0016500  1.0050916
ilr.fac1[96,2]   1.0001522  1.0007033
ilr.fac1[97,2]   1.0003462  1.0013407
ilr.fac1[98,2]   1.0019260  1.0046076
ilr.fac1[99,2]   1.0016480  1.0039010
ilr.fac1[100,2]  1.0015670  1.0084074
ilr.fac1[101,2]  1.0002715  1.0009442
ilr.fac1[102,2]  1.0004067  1.0013303
ilr.fac1[103,2]  1.0019446  1.0073091
ilr.fac1[104,2]  1.0023692  1.0068504
ilr.fac1[105,2]  0.9998405  1.0018835
ilr.fac1[106,2]  1.0067041  1.0226312
ilr.fac1[107,2]  0.9998402  1.0016067
ilr.fac1[108,2]  1.0003337  1.0024338
ilr.fac1[109,2]  1.0019640  1.0045160
ilr.fac1[110,2]  1.0006368  1.0017993
ilr.fac1[111,2]  1.0062115  1.0238103
ilr.fac1[112,2]  0.9998105  1.0002532
ilr.fac1[113,2]  1.0022263  1.0076495
ilr.fac1[114,2]  1.0024138  1.0068875
ilr.fac1[115,2]  1.0025379  1.0114762
ilr.fac1[116,2]  1.0003593  1.0010832
ilr.fac1[117,2]  1.0020514  1.0051178
ilr.fac1[118,2]  1.0057406  1.0217268
ilr.fac1[119,2]  1.0022200  1.0067054
ilr.fac1[120,2]  1.0012947  1.0062572
ilr.fac1[121,2]  1.0005121  1.0015614
ilr.fac1[122,2]  1.0021637  1.0070093
ilr.fac1[123,2]  1.0070340  1.0266436
ilr.fac1[124,2]  1.0012165  1.0069912
ilr.fac1[125,2]  1.0064473  1.0209919
ilr.fac1[126,2]  0.9996747  1.0008014
ilr.fac1[127,2]  1.0005667  1.0025967
ilr.fac1[128,2]  1.0015819  1.0051700
ilr.fac1[129,2]  1.0017872  1.0061015
ilr.fac1[130,2]  0.9997741  1.0006448
ilr.fac1[131,2]  1.0035423  1.0104283
ilr.fac1[132,2]  1.0014100  1.0025920
ilr.fac1[133,2]  0.9994405  0.9999366
ilr.fac1[134,2]  1.0002605  1.0023942
ilr.fac1[135,2]  1.0001801  1.0015355
ilr.fac1[136,2]  1.0020539  1.0090264
ilr.fac1[137,2]  1.0000227  1.0024979
ilr.fac1[138,2]  1.0031283  1.0041571
ilr.fac1[1,3]          NaN        NaN
ilr.fac1[2,3]    1.0023217  1.0085113
ilr.fac1[3,3]    1.0050051  1.0206550
ilr.fac1[4,3]    1.0002912  1.0008785
ilr.fac1[5,3]    0.9990251  0.9990308
ilr.fac1[6,3]    1.0013009  1.0052886
ilr.fac1[7,3]    1.0054667  1.0084831
ilr.fac1[8,3]    0.9995252  0.9996473
ilr.fac1[9,3]    0.9993605  0.9997634
ilr.fac1[10,3]   0.9992890  0.9999951
ilr.fac1[11,3]   1.0002131  1.0016847
ilr.fac1[12,3]   0.9995611  1.0009383
ilr.fac1[13,3]   1.0024751  1.0075241
ilr.fac1[14,3]   1.0030375  1.0132896
ilr.fac1[15,3]   0.9993212  0.9996920
ilr.fac1[16,3]   1.0002315  1.0011342
ilr.fac1[17,3]   0.9998937  1.0006620
ilr.fac1[18,3]   1.0021032  1.0067283
ilr.fac1[19,3]   1.0026145  1.0117647
ilr.fac1[20,3]   1.0002826  1.0020934
ilr.fac1[21,3]   1.0001264  1.0023891
ilr.fac1[22,3]   1.0005997  1.0043479
ilr.fac1[23,3]   1.0000851  1.0003538
ilr.fac1[24,3]   1.0022039  1.0102249
ilr.fac1[25,3]   1.0009854  1.0055138
ilr.fac1[26,3]   1.0101183  1.0297651
ilr.fac1[27,3]   1.0001023  1.0020039
ilr.fac1[28,3]   0.9999587  1.0020662
ilr.fac1[29,3]   0.9990950  0.9991336
ilr.fac1[30,3]   0.9998067  1.0009083
ilr.fac1[31,3]   1.0011047  1.0051326
ilr.fac1[32,3]   1.0007803  1.0053779
ilr.fac1[33,3]   0.9996409  0.9996687
ilr.fac1[34,3]   1.0027703  1.0085781
ilr.fac1[35,3]   1.0010198  1.0037185
ilr.fac1[36,3]   1.0027385  1.0112126
ilr.fac1[37,3]   1.0009850  1.0031111
ilr.fac1[38,3]   1.0017297  1.0027281
ilr.fac1[39,3]   1.0013962  1.0015483
ilr.fac1[40,3]   1.0004288  1.0035277
ilr.fac1[41,3]   1.0004570  1.0020188
ilr.fac1[42,3]   1.0002378  1.0020653
ilr.fac1[43,3]   1.0042241  1.0121333
ilr.fac1[44,3]   1.0011811  1.0014011
ilr.fac1[45,3]   0.9996211  0.9996749
ilr.fac1[46,3]   1.0039592  1.0149235
ilr.fac1[47,3]   1.0026837  1.0115474
ilr.fac1[48,3]   1.0027724  1.0125566
ilr.fac1[49,3]   0.9999950  1.0014098
ilr.fac1[50,3]   1.0015348  1.0030712
ilr.fac1[51,3]   1.0032513  1.0144634
ilr.fac1[52,3]   1.0028307  1.0074919
ilr.fac1[53,3]   1.0012770  1.0064173
ilr.fac1[54,3]   0.9998305  1.0010659
ilr.fac1[55,3]   1.0021997  1.0064399
ilr.fac1[56,3]   1.0010668  1.0048779
ilr.fac1[57,3]   0.9995003  1.0002509
ilr.fac1[58,3]   0.9998721  1.0020429
ilr.fac1[59,3]   1.0012391  1.0071750
ilr.fac1[60,3]   1.0002528  1.0031441
ilr.fac1[61,3]   1.0027448  1.0123779
ilr.fac1[62,3]   1.0025666  1.0050341
ilr.fac1[63,3]   1.0000751  1.0019597
ilr.fac1[64,3]   1.0008161  1.0052080
ilr.fac1[65,3]   1.0012830  1.0039660
ilr.fac1[66,3]   0.9995911  1.0006046
ilr.fac1[67,3]   0.9998834  1.0005474
ilr.fac1[68,3]   1.0011205  1.0018881
ilr.fac1[69,3]   0.9997892  1.0001820
ilr.fac1[70,3]   1.0020645  1.0066015
ilr.fac1[71,3]   1.0000042  1.0019698
ilr.fac1[72,3]   1.0009987  1.0053898
ilr.fac1[73,3]   1.0002686  1.0024698
ilr.fac1[74,3]   1.0030929  1.0091213
ilr.fac1[75,3]   1.0016936  1.0074583
ilr.fac1[76,3]   0.9994442  0.9997147
ilr.fac1[77,3]   1.0027382  1.0090003
ilr.fac1[78,3]   1.0001613  1.0022107
ilr.fac1[79,3]   1.0008755  1.0018703
ilr.fac1[80,3]   1.0036202  1.0095327
ilr.fac1[81,3]   1.0032456  1.0114058
ilr.fac1[82,3]   1.0014218  1.0057782
ilr.fac1[83,3]   1.0010108  1.0037933
ilr.fac1[84,3]   1.0013784  1.0072115
ilr.fac1[85,3]   1.0003924  1.0027656
ilr.fac1[86,3]   1.0016987  1.0031879
ilr.fac1[87,3]   1.0004983  1.0010269
ilr.fac1[88,3]   1.0014377  1.0022804
ilr.fac1[89,3]   0.9992726  0.9999248
ilr.fac1[90,3]   1.0001300  1.0010377
ilr.fac1[91,3]   0.9999315  1.0019328
ilr.fac1[92,3]   1.0001311  1.0023119
ilr.fac1[93,3]   1.0020599  1.0032636
ilr.fac1[94,3]   1.0028207  1.0114653
ilr.fac1[95,3]   1.0003453  1.0025036
ilr.fac1[96,3]   1.0004576  1.0037753
ilr.fac1[97,3]   1.0032340  1.0115732
ilr.fac1[98,3]   1.0005816  1.0026976
ilr.fac1[99,3]   1.0005778  1.0025538
ilr.fac1[100,3]  1.0014257  1.0023234
ilr.fac1[101,3]  0.9998338  1.0007916
ilr.fac1[102,3]  1.0007603  1.0044051
ilr.fac1[103,3]  1.0009271  1.0032608
ilr.fac1[104,3]  1.0007504  1.0010675
ilr.fac1[105,3]  1.0004609  1.0043492
ilr.fac1[106,3]  0.9995240  1.0001727
ilr.fac1[107,3]  1.0000918  1.0015553
ilr.fac1[108,3]  1.0006283  1.0038665
ilr.fac1[109,3]  0.9997516  1.0009725
ilr.fac1[110,3]  1.0043940  1.0142953
ilr.fac1[111,3]  0.9998122  1.0010705
ilr.fac1[112,3]  0.9996100  1.0006071
ilr.fac1[113,3]  1.0004253  1.0035972
ilr.fac1[114,3]  1.0060828  1.0204368
ilr.fac1[115,3]  0.9996080  1.0012372
ilr.fac1[116,3]  1.0004237  1.0026745
ilr.fac1[117,3]  1.0051194  1.0200097
ilr.fac1[118,3]  1.0001265  1.0008909
ilr.fac1[119,3]  0.9993554  1.0002462
ilr.fac1[120,3]  1.0050742  1.0186445
ilr.fac1[121,3]  0.9997237  1.0008437
ilr.fac1[122,3]  1.0007638  1.0030685
ilr.fac1[123,3]  1.0011239  1.0055734
ilr.fac1[124,3]  0.9995587  0.9999115
ilr.fac1[125,3]  1.0024538  1.0102044
ilr.fac1[126,3]  1.0005799  1.0045924
ilr.fac1[127,3]  0.9992773  0.9997047
ilr.fac1[128,3]  1.0001177  1.0027664
ilr.fac1[129,3]  0.9997953  0.9998265
ilr.fac1[130,3]  1.0000164  1.0020089
ilr.fac1[131,3]  1.0019889  1.0038973
ilr.fac1[132,3]  1.0033009  1.0134788
ilr.fac1[133,3]  1.0000180  1.0026730
ilr.fac1[134,3]  0.9998551  1.0020737
ilr.fac1[135,3]  1.0000086  1.0013772
ilr.fac1[136,3]  0.9995494  1.0008682
ilr.fac1[137,3]  1.0008969  1.0044176
ilr.fac1[138,3]  1.0003069  1.0036699
loglik[1]        1.0017899  1.0028996
loglik[2]        1.0003785  1.0032663
loglik[3]        1.0047136  1.0128555
loglik[4]        1.0030514  1.0051438
loglik[5]        1.0000522  1.0010972
loglik[6]        1.0000209  1.0009014
loglik[7]        1.0018171  1.0069392
loglik[8]        1.0085416  1.0146503
loglik[9]        0.9998755  1.0017784
loglik[10]       1.0010483  1.0014255
loglik[11]       1.0090292  1.0197989
loglik[12]       1.0026502  1.0055365
loglik[13]       1.0053776  1.0066796
loglik[14]       0.9994400  0.9998518
loglik[15]       0.9991024  0.9991516
loglik[16]       1.0078312  1.0226447
loglik[17]       1.0052452  1.0130118
loglik[18]       1.0000429  1.0008981
loglik[19]       1.0025721  1.0047616
loglik[20]       1.0014444  1.0038792
loglik[21]       1.0062699  1.0074998
loglik[22]       1.0067669  1.0171496
loglik[23]       1.0007222  1.0041687
loglik[24]       1.0013308  1.0035582
loglik[25]       1.0045185  1.0134670
loglik[26]       1.0201081  1.0349617
loglik[27]       1.0045496  1.0110400
loglik[28]       1.0019552  1.0092360
loglik[29]       1.0015621  1.0028224
loglik[30]       1.0069468  1.0121963
loglik[31]       0.9993716  0.9994435
loglik[32]       1.0106861  1.0152145
loglik[33]       1.0026307  1.0039395
loglik[34]       1.0012457  1.0060696
loglik[35]       1.0030898  1.0090347
loglik[36]       0.9993565  0.9998010
loglik[37]       1.0060311  1.0079160
loglik[38]       1.0031090  1.0117445
loglik[39]       1.0047084  1.0061470
loglik[40]       1.0025035  1.0039881
loglik[41]       0.9996374  0.9998250
loglik[42]       0.9997691  1.0013203
loglik[43]       1.0055800  1.0086820
loglik[44]       1.0002051  1.0033532
loglik[45]       1.0021440  1.0059579
loglik[46]       1.0143052  1.0167663
loglik[47]       1.0012447  1.0023480
loglik[48]       1.0012275  1.0052374
loglik[49]       1.0024596  1.0055075
loglik[50]       1.0267437  1.0587938
loglik[51]       0.9994688  0.9995470
loglik[52]       1.0015470  1.0035665
loglik[53]       1.0005544  1.0046877
loglik[54]       0.9995561  1.0004971
loglik[55]       1.0034707  1.0048663
loglik[56]       1.0023915  1.0080000
loglik[57]       1.0004431  1.0018899
loglik[58]       1.0025468  1.0048140
loglik[59]       0.9996445  1.0010291
loglik[60]       1.0069975  1.0090522
loglik[61]       1.0011393  1.0041890
loglik[62]       0.9993910  1.0001435
loglik[63]       1.0003408  1.0006235
loglik[64]       0.9999863  1.0018021
loglik[65]       1.0022000  1.0030436
loglik[66]       1.0014892  1.0035785
loglik[67]       1.0025150  1.0048259
loglik[68]       1.0004920  1.0014145
loglik[69]       1.0010277  1.0021850
loglik[70]       1.0020989  1.0050450
loglik[71]       0.9995090  0.9999952
loglik[72]       1.0000365  1.0006482
loglik[73]       0.9998573  1.0005719
loglik[74]       1.0106719  1.0183273
loglik[75]       1.0035213  1.0091609
loglik[76]       1.0031971  1.0121028
loglik[77]       1.0008804  1.0029686
loglik[78]       1.0047728  1.0073647
loglik[79]       1.0015649  1.0045279
loglik[80]       1.0003820  1.0017739
loglik[81]       1.0009318  1.0039423
loglik[82]       1.0003772  1.0023828
loglik[83]       1.0013484  1.0023698
loglik[84]       0.9998929  1.0008982
loglik[85]       0.9995695  1.0007701
 [ reached getOption("max.print") -- omitted 609 rows ]

################################################################################
# Heidelberger and Welch Diagnostic
################################################################################

A few failures is normal and acceptable...
Number of failures in each chain (out of 
1109
 variables):


             Chain 1 Chain 2 Chain 3
Stationarity       3      14       6
Half-width       332     344     333


And here are the Heidelberger-Welch diagnostics for all variables:



################################################################################
# Geweke Diagnostic
################################################################################

The Geweke diagnostic is a standard z-score, so we'd expect 5% to be outside +/-1.96
Number of variables outside +/-1.96 in each chain (out of 
1109
):


       Chain 1 Chain 2 Chain 3
Geweke      60      59      51


And here are the Geweke diagnostics for all variables:


