
#################################################################
# Summary Statistics
#################################################################

DIC = 497.4204

                          Mean    SD  2.5%    5%   25%   50%   75%   95% 97.5%
p.DPR001.Marine          0.372 0.075 0.226 0.248 0.321 0.372 0.425 0.497 0.519
p.DPR003.Marine          0.302 0.154 0.053 0.075 0.186 0.289 0.405 0.571 0.631
p.DPR007.Marine          0.468 0.252 0.058 0.085 0.255 0.456 0.686 0.867 0.901
p.DPR008.Marine          0.403 0.195 0.066 0.093 0.249 0.404 0.546 0.731 0.776
p.DPR009.Marine          0.454 0.253 0.053 0.079 0.235 0.434 0.659 0.870 0.907
p.DPR011.Marine          0.072 0.054 0.008 0.012 0.032 0.059 0.099 0.173 0.206
p.DPR013.Marine          0.233 0.128 0.036 0.049 0.133 0.220 0.314 0.456 0.509
p.DPR014.Marine          0.249 0.134 0.042 0.065 0.145 0.231 0.338 0.490 0.535
p.DPR016.Marine          0.191 0.110 0.034 0.047 0.106 0.174 0.257 0.396 0.446
p.DPR017.Marine          0.235 0.127 0.038 0.053 0.134 0.221 0.317 0.463 0.516
p.DPR019.Marine          0.470 0.248 0.058 0.086 0.260 0.462 0.683 0.864 0.899
p.DPR020.Marine          0.259 0.132 0.050 0.065 0.159 0.249 0.340 0.494 0.551
p.DPR025.Marine          0.231 0.128 0.038 0.055 0.134 0.215 0.310 0.467 0.515
p.DPR026.Marine          0.476 0.225 0.066 0.101 0.294 0.492 0.653 0.826 0.864
p.DPR031.Marine          0.457 0.218 0.067 0.099 0.275 0.473 0.628 0.794 0.844
p.DPR032.Marine          0.469 0.246 0.059 0.083 0.262 0.471 0.673 0.856 0.892
p.DPR033.Marine          0.268 0.142 0.043 0.062 0.160 0.254 0.362 0.521 0.581
p.JKR01.Marine           0.464 0.236 0.057 0.079 0.262 0.477 0.656 0.829 0.859
p.JKR04.Marine           0.439 0.209 0.055 0.094 0.271 0.448 0.595 0.781 0.821
p.JKR10.Marine           0.471 0.235 0.064 0.091 0.275 0.484 0.663 0.829 0.873
p.JKR11.Marine           0.235 0.129 0.040 0.056 0.137 0.221 0.315 0.463 0.527
p.JKR12.Marine           0.289 0.149 0.048 0.069 0.171 0.279 0.391 0.544 0.595
p.MJR01.Marine           0.267 0.140 0.048 0.062 0.159 0.255 0.360 0.517 0.561
p.MJR02.Marine           0.439 0.216 0.055 0.086 0.271 0.449 0.605 0.782 0.825
p.MJR04.Marine           0.457 0.223 0.064 0.089 0.270 0.472 0.638 0.805 0.842
p.MJR06.Marine           0.095 0.072 0.011 0.015 0.043 0.077 0.129 0.230 0.269
p.MJR08.Marine           0.429 0.201 0.076 0.100 0.275 0.432 0.580 0.755 0.807
p.MJR09.Marine           0.457 0.267 0.041 0.066 0.221 0.440 0.698 0.878 0.912
p.MJR10.Marine           0.127 0.093 0.015 0.021 0.058 0.106 0.177 0.300 0.353
p.MJR12.Marine           0.309 0.219 0.033 0.050 0.141 0.253 0.423 0.788 0.866
p.MJR16.Marine           0.378 0.185 0.060 0.091 0.230 0.379 0.508 0.691 0.750
p.MJR20.Marine           0.244 0.133 0.040 0.055 0.144 0.230 0.324 0.483 0.542
p.MJR22.Marine           0.370 0.187 0.055 0.085 0.225 0.369 0.501 0.690 0.743
p.MJR27.Marine           0.453 0.244 0.057 0.084 0.241 0.451 0.658 0.846 0.881
p.MJR29.Marine           0.470 0.222 0.072 0.104 0.292 0.477 0.649 0.817 0.854
p.MJR34.Marine           0.471 0.227 0.060 0.095 0.287 0.487 0.654 0.815 0.858
p.MJR37.Marine           0.173 0.102 0.031 0.041 0.097 0.156 0.229 0.362 0.416
p.MJR38.Marine           0.457 0.219 0.062 0.091 0.276 0.470 0.631 0.796 0.838
p.MJR39.Marine           0.461 0.238 0.050 0.075 0.259 0.475 0.659 0.829 0.862
p.MJR43.Marine           0.466 0.223 0.065 0.102 0.284 0.477 0.643 0.813 0.854
p.MJR44.Marine           0.467 0.221 0.078 0.101 0.293 0.479 0.639 0.811 0.856
p.MSR02.Marine           0.357 0.175 0.058 0.084 0.221 0.356 0.481 0.653 0.702
p.MSR03.Marine           0.478 0.238 0.061 0.090 0.284 0.486 0.672 0.842 0.880
p.MSR04.Marine           0.376 0.188 0.060 0.083 0.227 0.365 0.519 0.695 0.741
p.MSR05.Marine           0.473 0.231 0.069 0.096 0.289 0.473 0.665 0.831 0.871
p.MSR07.Marine           0.485 0.242 0.057 0.091 0.281 0.502 0.686 0.853 0.890
p.MSR09.Marine           0.480 0.237 0.056 0.090 0.284 0.491 0.675 0.845 0.887
p.NBK001FI.Marine        0.365 0.178 0.065 0.094 0.225 0.358 0.495 0.669 0.716
p.NBK002FI.Marine        0.450 0.247 0.052 0.078 0.241 0.436 0.650 0.859 0.898
p.NBK003FI.Marine        0.060 0.044 0.008 0.012 0.029 0.049 0.079 0.141 0.170
p.NBK004FI.Marine        0.232 0.173 0.027 0.039 0.105 0.192 0.311 0.562 0.730
p.OBD02I.Marine          0.261 0.140 0.043 0.062 0.153 0.246 0.353 0.513 0.580
p.OBD08I.Marine          0.330 0.167 0.052 0.076 0.197 0.320 0.445 0.619 0.672
p.OBD17I.Marine          0.478 0.242 0.067 0.095 0.277 0.482 0.681 0.859 0.891
p.OBD20I.Marine          0.366 0.234 0.040 0.059 0.173 0.321 0.523 0.827 0.885
p.RMM02I.Marine          0.350 0.175 0.058 0.083 0.210 0.340 0.479 0.646 0.699
p.RMM07I.Marine          0.270 0.141 0.047 0.066 0.162 0.257 0.364 0.517 0.564
p.RMM08I.Marine          0.427 0.203 0.062 0.096 0.266 0.435 0.581 0.753 0.802
p.SAS01I.Marine          0.302 0.156 0.052 0.073 0.179 0.294 0.409 0.576 0.624
p.SAS03I.Marine          0.134 0.084 0.021 0.030 0.073 0.118 0.179 0.292 0.344
p.SAS04I.Marine          0.125 0.073 0.022 0.029 0.072 0.113 0.166 0.265 0.295
p.SAS06I.Marine          0.142 0.086 0.025 0.033 0.077 0.128 0.190 0.302 0.343
p.SAS07I.Marine          0.095 0.073 0.012 0.016 0.044 0.077 0.129 0.225 0.263
p.SAS08I.Marine          0.251 0.133 0.044 0.060 0.148 0.239 0.334 0.496 0.547
p.SAS10I.Marine          0.353 0.178 0.050 0.074 0.215 0.349 0.475 0.647 0.715
p.SAS12I.Marine          0.261 0.140 0.043 0.062 0.154 0.245 0.353 0.509 0.566
p.SAS16I.Marine          0.434 0.256 0.044 0.070 0.207 0.412 0.644 0.865 0.898
p.SAS17I.Marine          0.202 0.111 0.035 0.049 0.118 0.188 0.269 0.406 0.461
p.SAS20I.Marine          0.196 0.116 0.030 0.042 0.106 0.177 0.270 0.403 0.464
p.SAS23I.Marine          0.240 0.131 0.043 0.059 0.135 0.228 0.325 0.478 0.530
p.SAS24I.Marine          0.198 0.109 0.034 0.048 0.115 0.184 0.264 0.397 0.449
p.SAS26I.Marine          0.222 0.120 0.036 0.052 0.130 0.207 0.299 0.431 0.484
p.SAS28I.Marine          0.235 0.126 0.039 0.056 0.138 0.222 0.317 0.464 0.515
p.SAS30I.Marine          0.458 0.222 0.068 0.099 0.272 0.470 0.636 0.813 0.851
p.SAS31I.Marine          0.202 0.112 0.035 0.048 0.116 0.187 0.269 0.403 0.453
p.SAS35FI.Marine         0.260 0.139 0.041 0.060 0.153 0.248 0.352 0.503 0.555
p.SHC01I.Marine          0.433 0.207 0.065 0.097 0.270 0.438 0.594 0.767 0.812
p.SHC05I.Marine          0.234 0.125 0.040 0.056 0.137 0.222 0.315 0.463 0.506
p.SHC06I.Marine          0.398 0.191 0.058 0.089 0.248 0.399 0.540 0.713 0.766
p.SHC07I.Marine          0.469 0.223 0.064 0.099 0.293 0.481 0.645 0.815 0.852
p.SHC10I.Marine          0.437 0.208 0.065 0.103 0.274 0.442 0.592 0.774 0.812
p.SHC13I.Marine          0.486 0.226 0.073 0.105 0.304 0.502 0.669 0.832 0.873
p.SHC14I.Marine          0.434 0.210 0.059 0.095 0.269 0.441 0.596 0.774 0.830
p.SHC19I.Marine          0.468 0.231 0.064 0.095 0.275 0.481 0.660 0.822 0.858
p.SHC25I.Marine          0.392 0.192 0.060 0.093 0.234 0.395 0.536 0.715 0.768
p.SHC27I.Marine          0.420 0.199 0.065 0.095 0.262 0.428 0.573 0.739 0.788
p.SON002.Marine          0.446 0.221 0.060 0.087 0.265 0.453 0.619 0.800 0.843
p.SON003.Marine          0.406 0.193 0.064 0.089 0.259 0.409 0.548 0.718 0.780
p.SON004.Marine          0.463 0.218 0.067 0.107 0.283 0.479 0.637 0.794 0.833
p.SON005.Marine          0.235 0.136 0.036 0.050 0.130 0.215 0.323 0.489 0.542
p.SON006.Marine          0.403 0.194 0.059 0.087 0.252 0.404 0.549 0.715 0.766
p.SON012.Marine          0.357 0.176 0.060 0.083 0.221 0.352 0.483 0.657 0.712
p.SON013.Marine          0.448 0.213 0.063 0.092 0.279 0.455 0.615 0.784 0.825
p.SON014.Marine          0.336 0.173 0.056 0.081 0.199 0.329 0.455 0.634 0.694
p.SON016.Marine          0.448 0.235 0.052 0.079 0.245 0.465 0.640 0.817 0.864
p.SON017.Marine          0.377 0.186 0.062 0.090 0.229 0.369 0.516 0.686 0.740
p.SON018.Marine          0.424 0.252 0.046 0.066 0.204 0.396 0.626 0.858 0.896
p.SON020.Marine          0.376 0.184 0.062 0.089 0.231 0.372 0.504 0.691 0.736
p.SON022.Marine          0.270 0.142 0.048 0.065 0.159 0.260 0.365 0.520 0.580
p.SON024.Marine          0.381 0.185 0.061 0.091 0.235 0.381 0.512 0.689 0.752
p.SON025.Marine          0.243 0.130 0.044 0.059 0.139 0.234 0.324 0.473 0.530
p.SON026.Marine          0.231 0.125 0.041 0.052 0.136 0.220 0.313 0.452 0.494
p.SON027.Marine          0.322 0.165 0.050 0.075 0.192 0.311 0.439 0.604 0.660
p.SS030.Marine           0.451 0.220 0.060 0.094 0.270 0.460 0.626 0.801 0.839
p.SS031.Marine           0.433 0.213 0.065 0.093 0.260 0.434 0.602 0.771 0.819
p.SS032.Marine           0.457 0.248 0.054 0.081 0.245 0.447 0.663 0.857 0.889
p.SS035.Marine           0.307 0.163 0.042 0.068 0.178 0.302 0.418 0.586 0.649
p.SS036.Marine           0.404 0.250 0.045 0.069 0.190 0.365 0.594 0.861 0.904
p.SS037.Marine           0.299 0.152 0.052 0.072 0.180 0.290 0.404 0.562 0.614
p.SS038.Marine           0.478 0.244 0.060 0.082 0.268 0.495 0.677 0.854 0.891
p.SS039.Marine           0.225 0.119 0.033 0.048 0.130 0.218 0.303 0.430 0.475
 [ reached getOption("max.print") -- omitted 409 rows ]
