
#################################################################
# Summary Statistics
#################################################################

DIC = 546.4018

                          Mean    SD  2.5%    5%   25%   50%   75%
p.DPR001.Marine          0.301 0.073 0.169 0.186 0.248 0.298 0.349
p.DPR003.Marine          0.259 0.160 0.038 0.054 0.133 0.232 0.357
p.DPR007.Marine          0.382 0.233 0.039 0.058 0.185 0.348 0.562
p.DPR008.Marine          0.335 0.193 0.040 0.063 0.176 0.316 0.471
p.DPR009.Marine          0.374 0.233 0.036 0.054 0.178 0.341 0.546
p.DPR011.Marine          0.094 0.088 0.010 0.014 0.038 0.072 0.123
p.DPR013.Marine          0.211 0.139 0.029 0.040 0.108 0.183 0.287
p.DPR014.Marine          0.223 0.141 0.029 0.041 0.115 0.200 0.305
p.DPR016.Marine          0.181 0.124 0.023 0.030 0.088 0.156 0.248
p.DPR017.Marine          0.215 0.143 0.027 0.038 0.105 0.185 0.292
p.DPR019.Marine          0.384 0.235 0.039 0.056 0.180 0.357 0.568
p.DPR020.Marine          0.231 0.149 0.030 0.041 0.116 0.205 0.320
p.DPR025.Marine          0.211 0.136 0.027 0.039 0.107 0.185 0.292
p.DPR026.Marine          0.369 0.217 0.041 0.062 0.185 0.348 0.536
p.DPR031.Marine          0.362 0.209 0.042 0.062 0.185 0.348 0.514
p.DPR032.Marine          0.385 0.229 0.040 0.059 0.188 0.361 0.566
p.DPR033.Marine          0.232 0.150 0.028 0.042 0.117 0.203 0.318
p.JKR01.Marine           0.376 0.226 0.035 0.056 0.180 0.360 0.548
p.JKR04.Marine           0.357 0.209 0.040 0.057 0.185 0.341 0.504
p.JKR10.Marine           0.369 0.222 0.037 0.056 0.178 0.354 0.532
p.JKR11.Marine           0.218 0.142 0.028 0.039 0.109 0.195 0.296
p.JKR12.Marine           0.258 0.158 0.036 0.050 0.135 0.233 0.353
p.MJR01.Marine           0.237 0.149 0.031 0.041 0.119 0.214 0.328
p.MJR02.Marine           0.359 0.212 0.037 0.058 0.180 0.343 0.512
p.MJR04.Marine           0.369 0.215 0.040 0.061 0.185 0.353 0.532
p.MJR06.Marine           0.114 0.109 0.011 0.016 0.044 0.085 0.149
p.MJR08.Marine           0.352 0.198 0.044 0.070 0.190 0.331 0.494
p.MJR09.Marine           0.374 0.243 0.036 0.052 0.164 0.332 0.578
p.MJR10.Marine           0.151 0.145 0.013 0.019 0.057 0.108 0.195
p.MJR12.Marine           0.302 0.228 0.023 0.037 0.123 0.240 0.434
p.MJR16.Marine           0.317 0.183 0.043 0.059 0.167 0.303 0.441
p.MJR20.Marine           0.220 0.144 0.030 0.040 0.109 0.193 0.301
p.MJR22.Marine           0.314 0.189 0.034 0.052 0.159 0.292 0.447
p.MJR27.Marine           0.389 0.229 0.043 0.065 0.192 0.368 0.570
p.MJR29.Marine           0.380 0.219 0.045 0.069 0.195 0.361 0.545
p.MJR34.Marine           0.382 0.218 0.045 0.067 0.193 0.368 0.546
p.MJR37.Marine           0.173 0.122 0.019 0.030 0.079 0.145 0.240
p.MJR38.Marine           0.368 0.212 0.043 0.064 0.190 0.350 0.524
p.MJR39.Marine           0.371 0.224 0.035 0.050 0.179 0.357 0.546
p.MJR43.Marine           0.378 0.215 0.035 0.063 0.198 0.364 0.538
p.MJR44.Marine           0.375 0.217 0.042 0.067 0.191 0.350 0.538
p.MSR02.Marine           0.297 0.176 0.037 0.055 0.160 0.271 0.408
p.MSR03.Marine           0.388 0.225 0.041 0.067 0.199 0.369 0.561
p.MSR04.Marine           0.313 0.183 0.041 0.060 0.164 0.293 0.432
p.MSR05.Marine           0.385 0.217 0.044 0.064 0.201 0.371 0.550
p.MSR07.Marine           0.377 0.226 0.035 0.053 0.182 0.355 0.547
p.MSR09.Marine           0.380 0.223 0.040 0.058 0.191 0.364 0.548
p.NBK001FI.Marine        0.308 0.184 0.041 0.055 0.163 0.283 0.433
p.NBK002FI.Marine        0.376 0.236 0.034 0.054 0.174 0.344 0.555
p.NBK003FI.Marine        0.087 0.065 0.010 0.014 0.040 0.072 0.117
p.NBK004FI.Marine        0.241 0.200 0.020 0.029 0.091 0.183 0.328
p.NBK005FI.Marine        0.384 0.222 0.045 0.066 0.196 0.364 0.551
p.NBK006FI.Marine        0.342 0.238 0.033 0.046 0.142 0.288 0.509
p.NBK007FI.Marine        0.376 0.216 0.043 0.064 0.193 0.359 0.538
p.NBK008FI.Marine        0.258 0.210 0.023 0.034 0.099 0.197 0.350
p.NBK009FI.Marine        0.127 0.093 0.016 0.023 0.059 0.106 0.171
p.NBK010FI.Marine        0.082 0.062 0.010 0.015 0.038 0.067 0.109
p.NBK011FI.Marine        0.352 0.234 0.035 0.049 0.158 0.305 0.517
p.NBK012FI.Marine        0.368 0.236 0.033 0.048 0.169 0.330 0.550
p.OBD02I.Marine          0.233 0.148 0.030 0.043 0.117 0.207 0.321
p.OBD08I.Marine          0.280 0.175 0.034 0.051 0.140 0.251 0.392
p.OBD17I.Marine          0.383 0.228 0.036 0.057 0.196 0.357 0.555
p.OBD20I.Marine          0.330 0.234 0.030 0.043 0.136 0.269 0.487
p.RMM02I.Marine          0.290 0.178 0.037 0.052 0.146 0.267 0.408
p.RMM07I.Marine          0.237 0.147 0.030 0.043 0.123 0.217 0.322
p.RMM08I.Marine          0.339 0.201 0.040 0.057 0.178 0.319 0.471
p.SAS01I.Marine          0.269 0.164 0.032 0.050 0.143 0.245 0.368
p.SAS03I.Marine          0.143 0.105 0.017 0.024 0.068 0.118 0.191
p.SAS04I.Marine          0.139 0.097 0.018 0.026 0.068 0.120 0.188
p.SAS06I.Marine          0.151 0.106 0.019 0.027 0.071 0.129 0.205
p.SAS07I.Marine          0.123 0.129 0.012 0.017 0.047 0.090 0.152
p.SAS08I.Marine          0.228 0.147 0.028 0.040 0.113 0.202 0.315
p.SAS10I.Marine          0.300 0.182 0.037 0.051 0.156 0.274 0.416
p.SAS12I.Marine          0.238 0.151 0.032 0.043 0.121 0.211 0.326
p.SAS16I.Marine          0.376 0.240 0.035 0.054 0.175 0.338 0.561
p.SAS17I.Marine          0.194 0.129 0.023 0.034 0.096 0.167 0.270
p.SAS20I.Marine          0.185 0.130 0.025 0.033 0.086 0.158 0.252
p.SAS23I.Marine          0.219 0.139 0.028 0.039 0.112 0.196 0.305
p.SAS24I.Marine          0.197 0.134 0.024 0.035 0.094 0.170 0.271
p.SAS26I.Marine          0.209 0.139 0.024 0.034 0.105 0.184 0.285
p.SAS28I.Marine          0.211 0.139 0.024 0.035 0.105 0.187 0.291
p.SAS30I.Marine          0.370 0.214 0.040 0.063 0.190 0.351 0.528
p.SAS31I.Marine          0.196 0.133 0.024 0.035 0.099 0.167 0.265
p.SAS35FI.Marine         0.231 0.147 0.033 0.046 0.115 0.205 0.315
p.SHC01I.Marine          0.353 0.200 0.040 0.062 0.189 0.333 0.502
p.SHC05I.Marine          0.222 0.142 0.029 0.041 0.112 0.197 0.307
p.SHC06I.Marine          0.326 0.190 0.040 0.059 0.171 0.303 0.455
p.SHC07I.Marine          0.377 0.218 0.044 0.063 0.190 0.364 0.539
p.SHC10I.Marine          0.356 0.204 0.043 0.061 0.193 0.341 0.500
p.SHC13I.Marine          0.376 0.218 0.041 0.063 0.194 0.352 0.537
p.SHC14I.Marine          0.355 0.205 0.040 0.063 0.188 0.339 0.499
p.SHC19I.Marine          0.380 0.220 0.043 0.064 0.196 0.363 0.548
p.SHC25I.Marine          0.324 0.191 0.039 0.055 0.169 0.302 0.453
p.SHC27I.Marine          0.345 0.198 0.045 0.066 0.180 0.326 0.484
p.SON002.Marine          0.369 0.213 0.040 0.058 0.195 0.355 0.524
p.SON003.Marine          0.335 0.196 0.041 0.060 0.172 0.312 0.470
p.SON004.Marine          0.366 0.212 0.042 0.059 0.190 0.346 0.528
p.SON005.Marine          0.204 0.145 0.023 0.033 0.091 0.173 0.282
p.SON006.Marine          0.329 0.193 0.036 0.055 0.174 0.309 0.464
p.SON012.Marine          0.301 0.177 0.040 0.057 0.162 0.279 0.420
p.SON013.Marine          0.365 0.209 0.042 0.061 0.192 0.350 0.518
p.SON014.Marine          0.280 0.171 0.036 0.051 0.145 0.254 0.389
p.SON016.Marine          0.366 0.223 0.034 0.050 0.172 0.344 0.541
p.SON017.Marine          0.315 0.188 0.041 0.057 0.165 0.294 0.434
p.SON018.Marine          0.359 0.237 0.033 0.047 0.161 0.314 0.534
p.SON020.Marine          0.310 0.179 0.040 0.058 0.166 0.292 0.431
p.SON022.Marine          0.249 0.159 0.029 0.040 0.124 0.222 0.344
p.SON024.Marine          0.316 0.182 0.045 0.062 0.169 0.296 0.439
p.SON025.Marine          0.223 0.140 0.029 0.044 0.115 0.200 0.304
p.SON026.Marine          0.216 0.143 0.028 0.039 0.106 0.186 0.300
p.SON027.Marine          0.283 0.170 0.035 0.053 0.149 0.259 0.391
                           95% 97.5%
p.DPR001.Marine          0.421 0.450
p.DPR003.Marine          0.559 0.637
p.DPR007.Marine          0.796 0.852
p.DPR008.Marine          0.678 0.742
p.DPR009.Marine          0.797 0.851
p.DPR011.Marine          0.235 0.286
p.DPR013.Marine          0.478 0.545
p.DPR014.Marine          0.482 0.556
p.DPR016.Marine          0.423 0.481
p.DPR017.Marine          0.493 0.563
p.DPR019.Marine          0.794 0.838
p.DPR020.Marine          0.505 0.585
p.DPR025.Marine          0.475 0.531
p.DPR026.Marine          0.750 0.810
p.DPR031.Marine          0.734 0.787
p.DPR032.Marine          0.778 0.829
p.DPR033.Marine          0.512 0.586
p.JKR01.Marine           0.768 0.825
p.JKR04.Marine           0.726 0.794
p.JKR10.Marine           0.762 0.818
p.JKR11.Marine           0.489 0.559
p.JKR12.Marine           0.556 0.633
p.MJR01.Marine           0.515 0.585
p.MJR02.Marine           0.738 0.796
p.MJR04.Marine           0.744 0.800
p.MJR06.Marine           0.294 0.367
p.MJR08.Marine           0.706 0.770
p.MJR09.Marine           0.806 0.851
p.MJR10.Marine           0.406 0.601
p.MJR12.Marine           0.779 0.855
p.MJR16.Marine           0.645 0.705
p.MJR20.Marine           0.492 0.578
p.MJR22.Marine           0.652 0.712
p.MJR27.Marine           0.788 0.833
p.MJR29.Marine           0.759 0.814
p.MJR34.Marine           0.760 0.810
p.MJR37.Marine           0.413 0.462
p.MJR38.Marine           0.737 0.799
p.MJR39.Marine           0.756 0.816
p.MJR43.Marine           0.752 0.808
p.MJR44.Marine           0.762 0.820
p.MSR02.Marine           0.627 0.685
p.MSR03.Marine           0.774 0.820
p.MSR04.Marine           0.659 0.720
p.MSR05.Marine           0.761 0.806
p.MSR07.Marine           0.771 0.822
p.MSR09.Marine           0.768 0.810
p.NBK001FI.Marine        0.650 0.715
p.NBK002FI.Marine        0.796 0.842
p.NBK003FI.Marine        0.208 0.244
p.NBK004FI.Marine        0.683 0.794
p.NBK005FI.Marine        0.771 0.823
p.NBK006FI.Marine        0.799 0.857
p.NBK007FI.Marine        0.752 0.800
p.NBK008FI.Marine        0.741 0.830
p.NBK009FI.Marine        0.305 0.372
p.NBK010FI.Marine        0.196 0.239
p.NBK011FI.Marine        0.796 0.846
p.NBK012FI.Marine        0.795 0.847
p.OBD02I.Marine          0.514 0.584
p.OBD08I.Marine          0.599 0.696
p.OBD17I.Marine          0.791 0.841
p.OBD20I.Marine          0.789 0.850
p.RMM02I.Marine          0.610 0.699
p.RMM07I.Marine          0.512 0.594
p.RMM08I.Marine          0.708 0.785
p.SAS01I.Marine          0.572 0.653
p.SAS03I.Marine          0.350 0.410
p.SAS04I.Marine          0.317 0.377
p.SAS06I.Marine          0.353 0.403
p.SAS07I.Marine          0.321 0.435
p.SAS08I.Marine          0.499 0.568
p.SAS10I.Marine          0.634 0.718
p.SAS12I.Marine          0.533 0.611
p.SAS16I.Marine          0.803 0.859
p.SAS17I.Marine          0.438 0.485
p.SAS20I.Marine          0.439 0.498
p.SAS23I.Marine          0.486 0.543
p.SAS24I.Marine          0.453 0.517
p.SAS26I.Marine          0.473 0.558
p.SAS28I.Marine          0.469 0.546
p.SAS30I.Marine          0.751 0.798
p.SAS31I.Marine          0.450 0.524
p.SAS35FI.Marine         0.517 0.582
p.SHC01I.Marine          0.705 0.763
p.SHC05I.Marine          0.493 0.555
p.SHC06I.Marine          0.675 0.746
p.SHC07I.Marine          0.763 0.821
p.SHC10I.Marine          0.719 0.783
p.SHC13I.Marine          0.762 0.818
p.SHC14I.Marine          0.722 0.775
p.SHC19I.Marine          0.767 0.813
p.SHC25I.Marine          0.674 0.740
p.SHC27I.Marine          0.701 0.766
p.SON002.Marine          0.751 0.799
p.SON003.Marine          0.695 0.760
p.SON004.Marine          0.738 0.801
p.SON005.Marine          0.495 0.571
p.SON006.Marine          0.670 0.736
p.SON012.Marine          0.625 0.701
p.SON013.Marine          0.726 0.795
p.SON014.Marine          0.598 0.659
p.SON016.Marine          0.748 0.804
p.SON017.Marine          0.677 0.740
p.SON018.Marine          0.800 0.853
p.SON020.Marine          0.636 0.701
p.SON022.Marine          0.556 0.634
p.SON024.Marine          0.642 0.712
p.SON025.Marine          0.483 0.557
p.SON026.Marine          0.492 0.557
p.SON027.Marine          0.604 0.662
 [ reached getOption("max.print") -- omitted 441 rows ]
